报告日,流动资产,货币资金,结算备付金,拆出资金,交易性金融资产,买入返售金融资产,衍生金融资产,应收票据及应收账款,应收票据,应收账款,应收款项融资,预付款项,应收股利,应收利息,应收保费,应收分保账款,应收分保合同准备金,应收出口退税,应收补贴款,应收保证金,内部应收款,其他应收款,其他应收款(合计),存货,划分为持有待售的资产,待摊费用,待处理流动资产损益,一年内到期的非流动资产,其他流动资产,流动资产合计,非流动资产,发放贷款及垫款,债权投资,其他债权投资,以公允价值计量且其变动计入其他综合收益的金融资产,以摊余成本计量的金融资产,可供出售金融资产,长期股权投资,投资性房地产,长期应收款,其他权益工具投资,其他非流动金融资产,其他长期投资,固定资产原值,累计折旧,固定资产净值,固定资产减值准备,在建工程合计,在建工程,工程物资,固定资产净额,固定资产清理,固定资产及清理合计,生产性生物资产,公益性生物资产,油气资产,合同资产,使用权资产,无形资产,开发支出,商誉,长期待摊费用,股权分置流通权,递延所得税资产,其他非流动资产,非流动资产合计,资产总计,流动负债,短期借款,向中央银行借款,吸收存款及同业存放,拆入资金,交易性金融负债,衍生金融负债,应付票据及应付账款,应付票据,应付账款,预收款项,合同负债,卖出回购金融资产款,应付手续费及佣金,应付职工薪酬,应交税费,应付利息,应付股利,应付保证金,内部应付款,其他应付款,其他应付款合计,其他应交款,担保责任赔偿准备金,应付分保账款,保险合同准备金,代理买卖证券款,代理承销证券款,国际票证结算,国内票证结算,预提费用,预计流动负债,应付短期债券,划分为持有待售的负债,一年内的递延收益,一年内到期的非流动负债,其他流动负债,流动负债合计,非流动负债,长期借款,应付债券,应付债券：优先股,应付债券：永续债,租赁负债,长期应付职工薪酬,长期应付款,长期应付款合计,专项应付款,预计非流动负债,长期递延收益,递延所得税负债,其他非流动负债,非流动负债合计,负债合计,所有者权益,实收资本(或股本),其他权益工具,优先股,永续债,资本公积,减:库存股,其他综合收益,专项储备,盈余公积,一般风险准备,未确定的投资损失,未分配利润,拟分配现金股利,外币报表折算差额,归属于母公司股东权益合计,少数股东权益,所有者权益(或股东权益)合计,负债和所有者权益(或股东权益)总计,数据源,是否审计,公告日期,币种,类型,更新日期
20260331,,95528250.65,,,,,,254119399.7,45162331.72,208957067.98,8400905.92,3408716.35,0.0,0.0,,,,,,,,,34973672.57,377636978.96,,,,,30920319.74,812796263.78,,,,,,,,458926213.08,95740733.05,,1344198.7,35110000.0,,,,,,99964800.0,,,,,89715740.99,,,,7808019.89,25713673.83,290291722.12,2323410.58,227094050.25,741448.51,,107335862.37,788646.46,1435090499.94,2247886763.72,,66564723.33,,,,,,628341243.1,,628341243.1,954051.17,154919833.76,,,24061164.33,10345948.66,18324099.6,9148310.86,,,,614537416.12,,,,,,,,,,,,,,189973734.23,59952994.98,1749651109.68,,98337481.0,,,,17369817.13,,,,,,27354294.01,1642404.99,0.0,144703997.13,1894355106.81,,1112496632.0,,,,1500890066.85,47232980.0,-29092108.6,,40790254.99,,,-2252521183.3,,,325330681.94,28200974.97,353531656.91,2247886763.72,定期报告,未审计,20260429,CNY,合并期末,2026-04-28T22:20:04
20251231,,91331742.71,,,0.0,,0.0,273805700.63,73991262.38,199814438.25,10503349.24,40265653.08,0.0,0.0,,,,,,,,35415114.58,35415114.58,239692335.21,0.0,,,0.0,24363230.36,724903563.19,,,,,,,,603534119.18,96917680.56,0.0,1344198.7,35110000.0,,301199555.09,202832337.93,98367217.16,3168336.75,99964800.0,99964800.0,,95198880.41,,95198880.41,,,,9526437.38,15935705.89,292751221.27,5522018.21,227094050.25,1288970.56,,107727236.82,370552.78,1582759434.63,2307662997.82,,88103801.66,,,,,,569519016.2,,569519016.2,1411820.34,79896578.81,,,30340680.41,11720291.99,22157207.59,9148310.86,,,773031711.24,804337229.69,,,,,,,,,,,,,,48211939.22,72697105.48,1706238463.8,,244900000.0,,,,7237912.27,,0.0,0.0,,,28182919.96,2161200.66,0.0,282482032.89,1988720496.69,,1112496632.0,,,,1500890066.85,47232980.0,-29094787.26,,40790254.99,,,-2288952321.93,,,288896864.65,30045636.48,318942501.13,2307662997.82,定期报告,是,20260429,CNY,合并期末,2026-04-28T22:20:04
20250930,,105968068.29,,,,,,262818218.95,16156843.56,246661375.39,28811985.96,27108363.55,,,,,,,,,,,30917906.5,257895692.86,2337136.8,,,,20787452.31,747484184.51,,,,,,,,631720634.39,98094628.06,,1344198.7,34230000.0,,,,,,115917040.15,,,,,100349352.11,,,,10839359.29,18775464.0,321927119.45,5265121.41,239896780.21,1950937.0,,117030442.72,264358.09,1686766076.29,2434250260.8,,63351166.36,,,,,,654366435.42,,654366435.42,2185204.25,82386880.97,,,35010849.08,10430933.44,21277540.17,9148310.86,,,,792205973.49,,,,,,,,,,,,,,47879143.37,27580480.83,1715397067.21,,253343744.44,,,,10076206.18,,,,,,27676545.91,3002782.93,,294099279.46,2009496346.67,,1112496632.0,,,,1501021305.08,47232980.0,-29083987.83,,40790254.99,,,-2189673493.36,,,388317730.88,36436183.25,424753914.13,2434250260.8,定期报告,未审计,20251029,CNY,合并期末,2025-10-28T19:22:10
20250630,,106757752.86,,,,,,220277658.74,10753178.93,209524479.81,18948032.43,14980506.88,,,,,,,,,,39174379.81,39174379.81,251973303.67,2337136.8,,,26266490.4,22661101.43,714822487.84,,,,,,,,648538130.75,99271575.57,3705154.18,1344198.7,34230000.0,,301432816.23,192500688.73,108932127.5,3168336.75,115917040.15,115917040.15,,105763790.75,75399.4,105839190.15,,,,11446124.82,21184222.36,329069429.15,5432102.45,239896780.21,2478663.2,,116368485.57,264358.09,1723539330.53,2438361818.37,,63352848.59,,,,,,599204034.45,0.0,599204034.45,2361732.51,70247226.35,,,33783399.65,9952291.83,20343632.75,9148310.86,,,783734042.85,813225986.46,,,,,,,,,,,,,,49191315.94,19933825.92,1661252661.7,,257585356.1,,,,11309781.34,,,0.0,,0.0,28505171.86,3436758.87,0.0,300837068.17,1962089729.87,,1147094532.0,0.0,,,1562096441.08,142906016.0,-29083987.83,,40790254.99,,,-2139719808.64,,,438271415.6,38000672.9,476272088.5,2438361818.37,定期报告,未审计,20250830,CNY,合并期末,2025-08-29T18:42:02
20250331,,100071773.44,,,,,,175345059.3,9200756.24,166144303.06,23281476.76,32302124.92,,,,,,,,,,,34525848.92,215305020.1,2337136.8,,,26158265.9,19571502.46,640497913.84,,,,,,,,673794566.66,100448523.07,5578984.45,1344198.7,34230000.0,,,,,,313559870.17,,,,,110556889.39,,,,11599705.24,23950365.54,334754617.13,5340953.25,239896780.21,2018553.59,,115878313.03,19500.0,1961372115.19,2601870029.03,,63561033.06,,,,,,535543541.65,,535543541.65,2721391.5,72943337.02,,,38418837.55,7550356.58,19391489.99,9148310.86,,,,813749651.85,,,,,,,,,,,,,,43872227.11,18846197.7,1597206574.02,,265666472.53,,,,18900056.91,,,188137387.9,,,29333797.81,3856841.92,,505894557.07,2103101131.09,,1147094532.0,,,,1576230195.56,142906016.0,-29083987.83,,40790254.99,,,-2125788809.12,,,466336169.6,32432728.34,498768897.94,2601870029.03,定期报告,未审计,20250426,CNY,合并期末,2025-04-26T00:54:21
20241231,,106497019.41,,,0.0,,0.0,248560412.13,13441140.43,235119271.7,37512031.98,6436088.54,,,,,,,,,,34553279.86,34553279.86,181403969.72,2337136.8,,,26050041.41,15876181.23,670911830.81,,,,,,,,685949128.11,101625470.57,5465619.28,1344198.7,34230000.0,,307408669.57,187871414.29,119537255.28,3448639.44,313559870.17,313559870.17,,116088615.84,,116088615.84,,,,11685669.73,6196284.8,332214317.51,4767584.17,239896780.21,2313861.22,,113192838.95,9343457.24,1966188026.77,2637099857.58,,47764883.06,,,,,,606286432.76,,606286432.76,1256791.09,75175369.84,,,42442829.42,9062073.28,17919535.95,9148310.86,,,837343084.52,864410931.33,,,,,,,,,,,,,,43316400.05,16985626.38,1706701337.21,,269923479.72,,,,1693120.19,,188137387.9,188137387.9,,0.0,30117423.76,1207793.24,0.0,491079204.81,2197780542.02,,1147094532.0,,,,1484925847.76,142906016.0,-29083987.83,,40790254.99,,,-2087130834.05,,,413689796.87,25629518.69,439319315.56,2637099857.58,定期报告,是,20260429,CNY,合并期末,2025-04-26T00:54:21
20240930,,60431839.53,,,,,,211231057.42,5285453.98,205945603.44,52123767.55,18342076.22,,0.0,,,,,,,,,39482445.24,248336691.86,,,,27926075.52,22517027.58,697639512.61,,,,,,,,704382624.41,,3264678.6,1344198.7,23017380.0,,,,,,313899252.96,,,,,227750898.94,,,,17248531.69,8080902.62,278852968.25,4107692.34,239896780.21,1762064.55,,123956201.15,31977091.0,1962292733.73,2659932246.34,,57265931.68,,,,,,635652633.05,0.0,635652633.05,370713.67,74379962.72,,,32447305.16,8710549.81,13638831.3,9148310.86,,,,853104767.26,,,,,,,,,,,,,,36816307.34,15693333.55,1714441504.24,,282104916.78,,,,2002463.39,,,178784458.55,,1508107.12,4821049.73,1666234.03,0.0,470887229.6,2185328733.84,,1147094532.0,,,,1480679714.57,142906016.0,-29083816.72,,40790254.99,,,-2048908625.11,,,447666043.73,26937468.77,474603512.5,2659932246.34,更正或补充,未审计,20250127,CNY,合并期末,2024-10-30T19:25:03
20240630,,93907311.21,,,,,,212958686.05,24977372.39,187981313.66,20164824.82,402556278.42,,,,,,,,,,57727974.69,57727974.69,439723182.1,12897781.39,,,28029392.46,115928732.11,1401517939.76,,,,,,,,50772097.05,,7530095.09,1344198.7,23017380.0,,1529104872.13,498402652.59,1030702219.54,4521219.37,622858455.51,622858455.51,,1026181000.17,,1026181000.17,,,,17623776.51,27092145.48,371706740.16,3304969.52,277716235.69,183032092.02,,159019222.47,52650130.96,2806224762.82,4207742702.58,,60826807.34,,,,,,919462151.3,,919462151.3,327935.78,99990979.71,,,42126698.69,10762472.36,13638831.3,9148310.86,,,542640903.96,565428046.12,,,,,,,,,,,,735043.73,,85680102.86,37135959.01,1822476196.9,,1038719988.0,,,,14511768.63,,,177178742.61,,1577167.49,27308854.23,8659621.38,,1267956142.34,3090432339.24,,1147094532.0,,,,1480679714.57,142906016.0,-27327815.65,,40790254.99,,,-2053209372.46,,,445121297.45,672189065.89,1117310363.34,4207742702.58,更正或补充,未审计,20250127,CNY,合并期末,2024-08-30T18:15:05
20240331,,92523426.04,,,,,,157407516.12,10638051.7,146769464.42,9066931.88,553184600.43,,,,,,,,,,,146266440.72,334734527.87,124749776.44,,,28132709.4,112261347.4,1575941885.01,,,,,,,,46736402.88,,7101871.58,1344198.7,23017380.0,,,,,,808457942.48,,,,,1101618525.05,,,,17614608.71,33116504.91,259323209.63,113789655.25,277716235.69,10094819.05,,150159622.35,23180452.56,2855656820.13,4431598705.14,,56760337.16,,,,,,922329137.61,0.0,922329137.61,396245.8,95239201.35,,,44922976.95,13040754.35,13064563.49,9148310.86,,,,637199779.11,,,,,,,,,,,,46180271.44,,350272858.93,11376690.03,2177718252.73,,933259992.0,,,,18172807.77,,,187228543.79,,1558774.53,51170810.87,9943123.53,0.0,1201334052.49,3379052305.22,,1147094532.0,,,,1480679714.57,142906016.0,-29089099.3,,40790254.99,,,-2115537401.72,,,381031984.54,671514415.38,1052546399.92,4431598705.14,更正或补充,未审计,20250127,CNY,合并期末,2024-04-29T22:00:05
20231231,,304874827.46,,,,,,144339197.96,16567018.23,127772179.73,18309862.71,490397100.91,,156998.65,,,,,,,,145347947.21,145504945.86,296596189.36,124749776.44,,,25636773.66,103379303.47,1690417611.93,,,,,,,,41786191.9,0.0,9272900.75,1344198.7,23017380.0,,1585084796.57,462876135.1,1122208661.47,4561944.17,743483485.54,743483485.54,,1117646717.3,,1117646717.3,,,,36629634.1,34058634.83,264164444.45,123221453.92,277716235.69,11575012.92,,143261092.89,839199.81,2791386948.7,4481804560.63,,57808127.75,,,,,,949026433.7,,949026433.7,185354.87,168773571.57,,,43950666.66,11604348.03,12827985.81,9148310.86,,,605564674.1,627540970.77,,,,,,,,,,,,46180271.44,,523176148.42,36211222.7,2464457115.91,,672799992.0,,,,16944675.58,,190529604.03,190529604.03,,1551660.27,55815692.06,10309574.47,,947951198.41,3412408314.32,,1147094532.0,,,,1480679714.57,142906016.0,-29077914.11,,40790254.99,,,-2111296190.72,,,385284380.73,684111865.58,1069396246.31,4481804560.63,定期报告,是,20250426,CNY,合并期末,2024-04-29T22:00:05
20230930,,179600554.42,,,,,,424300984.36,,424300984.36,39481112.2,76913377.18,,277129.33,,,,,,,,,450062151.76,338623939.62,,,,15538141.74,91113255.47,1647133673.28,,,,,,,,44340163.41,,31657994.17,1344198.7,135938280.0,,,,,,572835898.54,,,,,1199640231.46,,,,31500156.53,38992691.76,312509905.88,127040265.26,298271825.21,15046399.08,,134467233.35,200480294.88,3112565381.7,4759699054.98,,68287119.87,,,,,,901829442.24,,901829442.24,662186.4,114404794.48,,,33085889.21,22009143.26,12588808.33,9148310.86,,,,693226203.86,,,,,,,,,,,,,,509810007.61,10159425.58,2353474212.51,,663197907.39,,,,23037803.54,,,182386065.89,,1607822.42,55933382.63,19583044.81,,945746026.68,3299220239.19,,1147094532.0,,,,1480679714.57,142906016.0,-29078350.95,,40790254.99,,,-1737632489.55,,,758947645.06,701531170.73,1460478815.79,4759699054.98,更正或补充,未审计,20250127,CNY,合并期末,2023-10-30T18:50:11
20230630,,364497729.57,,,,,,510341264.93,,510341264.93,33645174.3,22808704.38,,330555.56,,,,,,,,611824495.41,612155050.97,257818045.7,,,,15340877.9,106535846.97,1954309589.06,,,,,,,,37189579.0,,36125359.51,1344198.7,135938280.0,,1670163802.82,471432845.05,1198730957.77,4592987.55,517391713.16,517391713.16,,1194137970.22,,1194137970.22,,,,31166894.34,46047717.35,317211403.53,126642166.04,298271825.21,16911302.32,,129189430.65,204589862.02,3060990807.71,5015300396.77,,68213997.57,,,,,,1033984842.4,,1033984842.4,168508.0,196291408.96,,,32159345.23,24837062.64,21793841.61,9148310.86,,,,860000882.72,,,,,,,,,,,,,,513466823.28,46194472.09,2775317342.89,,481385532.39,,,,29018832.14,,,182432250.13,,1634428.59,56015350.17,19982312.73,,770468706.15,3545786049.04,,1147094532.0,,,,1480679714.57,142906016.0,-29076064.69,,40790254.99,,,-1738542808.11,,,758039612.76,711474734.97,1469514347.73,5015300396.77,更正或补充,未审计,20250127,CNY,合并期末,2023-08-28T20:20:03
20230331,,230879362.92,,,,,,200577374.92,,200577374.92,4745000.0,30925732.9,,109375.0,,,,,,,,,371745233.58,277579472.39,,,,15340877.9,73459010.59,1234711146.78,,,,,,,,178826190.03,,35701821.01,21802856.68,135938280.0,,,,,,1001344401.17,,,,,412651997.46,,,,29459081.58,51294899.24,480869231.15,125067870.8,298271825.21,18917250.72,,119837419.66,650497825.35,3531021868.48,4765733015.26,,88209363.62,,,,,,832899091.06,70000.0,832829091.06,157800.75,174594231.5,,,31307738.23,23601626.42,20954430.41,9148310.86,,,,871554429.95,,,,,,,,,,,,,,370908289.6,20617432.76,2413850003.89,,580782500.0,,,,36941657.15,,,182432250.13,,1429618.92,56187137.71,20438483.58,0.0,878211647.49,3292061651.38,,1147094532.0,,,,1480679714.57,142906016.0,-29085964.98,,40790254.99,,,-1743984116.9,,,752588403.68,721082960.2,1473671363.88,4765733015.26,更正或补充,未审计,20250127,CNY,合并期末,2023-04-27T20:45:07
20221231,,344736207.26,,,,,,247030900.41,2684127.8,244346772.61,6110000.0,16174226.5,,,,,,,,,,355766740.11,355766740.11,530792861.76,,,,15242245.98,71836895.85,1600065244.89,,,,,,,,178121275.66,,35376914.43,21802856.68,135938280.0,,872083150.65,446665342.57,425417808.08,4604027.71,971695796.97,971695796.97,,420813780.37,,420813780.37,,,,12375167.02,54437391.72,488367794.66,124172945.05,298271825.21,20625828.89,,126906694.92,639072322.12,3515603706.68,5115668951.57,,85886449.99,,,,,,962760095.41,70000.0,962690095.41,443016.08,438093493.35,,,35828131.3,15535248.56,19412384.63,9148310.86,,,857355871.13,885916566.62,,,,,,,,,,,,,,196333859.51,40940853.22,2661737714.04,,685454498.95,,,,33926188.82,0.0,,182432250.13,,1483351.82,61905967.25,28187977.66,0.0,993390234.63,3655127948.67,,1147094532.0,,,,1480679714.57,142906016.0,-29083987.83,,40790254.99,,,-1754975199.52,,,741599298.21,718941704.69,1460541002.9,5115668951.57,更正或补充,是,20250127,CNY,合并期末,2023-04-27T20:45:07
20220930,,180271883.89,,,,,,242396986.68,,242396986.68,39146088.63,50998701.31,,,,,,,,,,,388374186.54,287368272.44,,,,22000000.0,44719033.09,1260395448.13,,,,,,,,209168764.18,,56918546.37,21802856.68,198787386.42,,,,,,621203112.99,,,,,314051965.26,,,,5120295.55,31281918.18,494759800.78,122927379.73,240446041.95,7160549.08,,116130094.56,707441275.68,3142079691.86,4402475139.99,,255363894.25,,,,,,788483380.15,0.0,788483380.15,1753982.21,341366253.6,,,20996582.38,13825607.88,11499453.53,9148310.86,,,,556066416.35,,,,,,,,,,,,,,188845260.56,40223089.53,2206924466.91,,310479006.05,,,,17469011.19,,,182462250.13,,1561550.82,54236057.27,15880749.8,1026666.66,583115291.92,2790039758.83,,1147094532.0,,,,1509529529.4,142906016.0,-29083987.83,,40790254.99,,,-1559373186.64,,,966051125.92,646384255.24,1612435381.16,4402475139.99,更正或补充,未审计,20250127,CNY,合并期末,2022-10-30T15:50:07
20220630,,28142261.49,,,,,,274754144.47,,274754144.47,21833382.21,54954912.07,,,,,,,,,,381619181.07,381619181.07,263659593.95,,,,22000000.0,43995784.5,1096416696.56,,,,,,,,211285949.63,,56400848.52,21802856.68,198787386.42,,,,,,565938302.23,,,,,321839172.32,,,,5457436.8,33658458.7,503646089.56,122180077.21,239896780.21,7747452.56,,109057512.62,608096275.68,3000337162.34,4096753858.9,,272332574.08,,,,,,746433338.87,0.0,746433338.87,1928014.21,344163299.22,,,21192439.75,12208838.87,11260276.11,9148310.86,,,,622127024.12,,,,,,,,,,,,,,188277258.22,43054819.13,2251717606.47,,315509482.77,,,,19417030.33,,,184996705.88,,1142735.0,49696183.21,16204551.3,,586966688.49,2838684294.96,,1147094532.0,,,,1205271741.11,142906016.0,-29083987.83,,40790254.99,,,-1506733835.79,,,714432688.48,543636875.46,1258069563.94,4096753858.9,更正或补充,未审计,20250127,CNY,合并期末,2022-08-23T18:10:04
20220331,,49217472.86,,,,,,264427998.11,,264427998.11,48428913.04,56041584.81,,,,,,,,,,,469881433.11,349173039.32,,,,15600000.0,45185981.93,1303093857.83,,,,,,,,211680737.8,,62683150.67,21802856.68,198787386.42,,,,,,344646485.93,,,,,326270808.57,,,,5137434.65,10395582.41,503384351.06,122180077.21,239896780.21,8116689.72,,98062932.64,616621563.98,2764529403.3,4067623261.13,,317005336.71,,,,,,744348064.58,,744348064.58,,74815359.79,,,24455579.2,16071826.76,12070596.17,9148310.86,,,,517769901.24,,,,,,,,,,,,,,470594476.99,16603409.83,2181663955.1,,318482000.0,,,,10003894.63,,,184996705.88,,1142735.0,49837309.15,17600822.31,,582063466.97,2763727422.07,,1147094532.0,,,,1203337016.56,142906016.0,-29083987.83,,40790254.99,,,-1460063632.74,,,759168166.98,544727672.08,1303895839.06,4067623261.13,更正或补充,未审计,20250127,CNY,合并期末,2022-04-27T19:40:03
20211231,,194394383.63,,,,,,376570384.72,,376570384.72,71421935.47,45771531.09,,,,,,,,,,492817848.7,492817848.7,270290822.81,,,,15600000.0,57667595.8,1530446604.88,,,,,,,,224463593.93,,62165452.82,21802856.68,198787386.42,,,,,,336029545.52,,,,,333080739.98,,,,5912102.66,9906047.57,507655959.73,126816751.59,239896780.21,9161642.47,,95339712.35,616589819.47,2781696288.74,4312142893.62,,347133349.99,,,,,,896125826.53,39343419.79,856782406.74,1735789.73,81128659.87,,,36606438.38,19652210.74,10292352.97,9148310.86,,,,527642578.36,,,,,,,,,,,,,,466443576.1,6735386.28,2383203815.98,,323737000.0,,,,6546871.31,,,190392250.86,,1142735.0,49978435.09,17730098.46,,589527390.72,2972731206.7,,1147094532.0,,,,1200432135.26,142906016.0,-29083987.83,,40790254.99,,,-1421785701.75,,,794541216.67,544870470.25,1339411686.92,4312142893.62,更正或补充,是,20250127,CNY,合并期末,2022-04-27T19:40:03
20210930,,871061653.04,,,,,,332584397.89,,332584397.89,109801754.51,205040593.94,,,,,,,,,,,72045236.12,339786191.91,,,,33730500.0,52880231.89,2017580150.39,,,,,,,,226085707.58,,184567384.56,33667034.26,256103886.42,,,,,,11140000.84,,,,,353270126.45,,,,649591.09,,507915262.72,125879621.02,306848052.8,11144117.32,,81623296.0,377225049.54,2475469539.51,4493049689.9,,391674617.62,,,,,,736200359.44,58620651.96,677579707.48,2024236.2,69069259.73,,,28473203.58,18853937.13,11741888.69,9148310.86,,,,515000178.04,,,,,,,,,,,,,,116515590.2,8014073.5,1885825455.44,,228274500.0,,,,,,,189691858.34,,1229031.54,58750000.0,18004469.66,438580849.31,934530708.85,2820356164.29,,1147094532.0,,,,1241699756.27,142906016.0,-19436018.83,,40979672.75,,,-1150299637.63,,,1117132288.56,555561237.05,1672693525.61,4493049689.9,定期报告,未审计,20211028,CNY,合并期末,2021-10-27T17:10:05
20210630,,329965459.36,,,,,,539286940.72,,539286940.72,80314976.28,205936575.84,,,,,,,,,,84970076.73,84970076.73,357268415.84,,,,37385750.0,65611983.91,1701625824.86,,,,,,,,225680751.0,,144330767.89,33767034.26,256103886.42,,681924515.85,313890230.39,368034285.46,3706963.61,11018684.48,11018684.48,,364327321.85,,364327321.85,,,,885646.18,,472951784.88,125083474.48,306848052.8,13860403.19,,83771270.86,377684375.01,2415427807.12,4117053631.98,,399185691.19,,,,,,640808069.05,49727614.91,591080454.14,2024236.2,53515266.6,,,34812479.79,19156969.76,12462712.72,9148310.86,,,519183787.3,540794810.88,,,,,,,,,,,,,,229446127.41,5312722.01,1925056372.89,,339954023.6,,,,,,133677350.45,133677350.45,,1229031.54,58750000.0,18285004.9,431790849.32,983686259.81,2908742632.7,,1147094532.0,,,,1231688114.89,142906016.0,-19436018.83,,40979672.75,,,-1067145448.96,,,1190274835.85,18036163.43,1208310999.28,4117053631.98,定期报告,未审计,20210830,CNY,合并期末,2021-08-29T20:10:10
20210331,,432350376.69,,,,,,784956680.44,,784956680.44,89244204.44,216501835.09,,,,,,,,,,,115177358.31,354382333.22,,,,13198383.94,70000398.92,2075981209.44,,,,,,,,226433698.42,,168239407.41,33767034.26,299752691.06,,,,,,7948918.57,,,,,377050339.18,,,,169638.39,,455208740.1,124437900.07,306848052.8,16455300.01,,86705535.04,418948285.51,2521795902.43,4597777111.87,,825918330.55,,,,,,786586701.26,102246529.91,684340171.35,,140074193.4,,,28022332.12,21383112.86,,,,,,522514185.03,,,,,,,,,,,,,,344112865.44,15077072.37,2683688793.03,,8471347.28,,,,,,,130956408.04,,1229031.54,59890000.0,18406458.94,425000849.32,643954095.12,3327642888.15,,1147094532.0,,,,1222276832.04,142906016.0,-19436018.83,,40979672.75,,,-995614627.38,,,1252394374.58,17739849.14,1270134223.72,4597777111.87,定期报告,未审计,20210430,CNY,合并期末,2021-04-29T22:05:03
20201231,,466915269.4,,,,,,459049013.76,,459049013.76,150157013.22,226346107.77,,,,,,,,,,85681135.57,85681135.57,342871945.6,,,,29727214.52,59057212.7,1821636940.39,,,,,,,,226061610.63,,151844020.97,33767034.26,333857725.12,,697940377.41,311129367.44,386811009.97,1659209.49,7479843.35,7479843.35,,385151800.48,,385151800.48,,,,1832027.85,,464919546.31,124102019.43,306848052.8,18405582.6,,80420999.4,419393644.51,2552251879.86,4373888820.25,,739904999.25,,,,,,646036991.16,67758836.32,578278154.84,3643483.58,56373604.33,,,43382857.05,26919857.88,9303258.83,9148310.86,,,496939825.69,515391395.38,,,,,,,,,,,,,,345741722.12,5966088.76,2383360999.51,,8946945.15,,,,,,126044417.39,126044417.39,,1229031.54,59950000.0,18846075.41,418210849.32,633227318.81,3016588318.32,,1144709132.0,,,,1208476413.19,136131480.0,-19436018.83,,40979672.75,,,-898927095.43,,,1339670623.68,17629878.25,1357300501.93,4373888820.25,定期报告,是,20220428,CNY,合并期末,2021-04-29T22:05:03
20200930,,245012200.72,,,,,,770865570.0,,770865570.0,155481709.84,182456049.81,1596908.7,,,,,,,,,,342035934.82,322598020.09,,,,8237963.25,42467635.96,2069155084.49,,,,,,,,241819476.7,,168509062.3,37935348.07,575652633.97,,,,,,822364.14,,,,,378489308.53,,,,,,490131394.04,6442297.83,306848052.8,20659613.86,,73834704.83,578829136.82,2879973393.89,4949128478.38,,899994363.62,,,,,,880274763.13,50480244.24,829794518.89,159620241.59,,,,28580498.91,23237771.98,10729971.68,9148310.86,,,,478756617.73,,,,,,,,,,,,,,395247999.83,,2865712256.79,,9655184.44,,,,,,,101715875.45,,1424702.56,35950000.0,18224370.09,388000000.0,554970132.54,3420682389.33,,1144709132.0,,,,1233713746.85,,4492271.77,,40979672.75,,,-911365077.23,,,1512529746.14,15916342.91,1528446089.05,4949128478.38,定期报告,未审计,20201026,CNY,合并期末,2020-10-25T16:10:04
20200630,,260272665.0,,,,,,854725801.12,,854725801.12,125884065.1,207642011.28,,,,,,,,,,335577265.65,335577265.65,275178356.09,,,,14944706.78,43031583.54,2117256454.56,,,,,,,,241562053.45,,145449609.78,38535348.07,618009903.99,,684392306.55,300127526.07,384264780.48,907045.89,4053787.13,4053787.13,,383357734.59,,383357734.59,,,,,,490272630.55,11210549.06,306848052.8,19656345.24,,71097644.25,584041995.15,2914095654.06,5031352108.62,,943509817.2,,,,,,791434469.89,80166309.37,711268160.52,158639418.6,,,,21150869.21,42752782.34,8887867.24,9148310.86,,,500372609.27,518408787.37,,,,,,,,,,,,,,465325313.3,,2941221457.91,,10355651.01,,,,,,98314668.67,98314668.67,,1424702.56,33750000.0,18504905.33,404830849.32,567180776.89,3508402234.8,,1144709132.0,,,,1214346070.65,,4492271.77,,40979672.75,,,-897397590.09,,,1507129557.08,15820316.74,1522949873.82,5031352108.62,定期报告,未审计,20200827,CNY,合并期末,2020-08-26T18:05:03
20200331,,287808171.49,,,,,,525618285.85,,525618285.85,100148593.87,206553840.74,,,,,,,,,,,443005098.85,341937360.34,,,,10271326.68,43797199.99,1959139877.81,,,,,,,,247229189.11,,134828932.88,38535348.07,1070333646.42,,,,,,2960018.0,,,,,379418049.43,,,,,,495374750.4,9308486.42,306848052.8,23056142.46,,71499895.81,581001179.56,3360393691.36,5319533569.17,,1294923206.65,,,,,,651364578.53,73161231.69,578203346.84,142108930.38,,,,36947283.15,8930580.65,,,,,,556383724.85,,,,,,,,,,,,,,586500135.15,,3277158439.36,,11047605.96,,,,,,,87297578.24,,1424702.56,33750000.0,18785440.58,398040849.32,550346176.66,3827504616.02,,1144709132.0,,,,1194978394.46,,4492271.77,,40979672.75,,,-908997719.75,,,1476161751.23,15867201.92,1492028953.15,5319533569.17,定期报告,未审计,20200430,CNY,合并期末,2020-04-29T17:45:03
20191231,,428821556.14,,,4900000.0,,,615307131.48,10000000.0,605307131.48,141636982.04,70859272.54,,,,,,,,,,646039255.38,646039255.38,317971028.18,,,,18670122.84,42071431.39,2286276779.99,,,,,,,,247229220.97,,124724762.8,38535348.07,946148514.89,,677922219.06,285532723.62,392389495.44,5057442.89,3830227.88,3830227.88,,387332052.55,,387332052.55,,,,,,510776564.01,9615098.94,306848052.8,25515391.73,,71331663.13,511805382.82,3183692280.59,5469969060.58,,1339768516.76,,,,,,717131709.58,70797203.34,646334506.24,120438765.69,,,,43008396.0,15442029.72,19248039.75,20738729.56,,,524758323.5,564745092.81,,,,,,,,,,,,,,801814047.07,,3602348557.63,,12726270.57,,,,,,80886604.82,80886604.82,,1424702.56,33950000.0,19065975.81,391050849.32,539104403.08,4141452960.71,,1095386132.0,,,,1088802238.27,,4492271.77,,40979672.75,,,-917061010.7,,,1312599304.09,15916795.78,1328516099.87,5469969060.58,定期报告,是,20210430,CNY,合并期末,2020-04-29T06:10:03
20190930,,441603166.21,,,,,,796888075.25,123048448.04,673839627.21,,138590874.5,,9122891.67,,,,,,,,,773787313.49,359846128.21,,,,14715638.16,27440638.2,2552871834.02,,71652158.94,,,,,,351341535.55,,132789219.26,117815792.2,503010441.6,,,,,,3674335.94,,,,,383509226.27,,,,,,572950856.44,32970070.31,308275243.12,29763409.84,,107575533.82,317026074.22,2932353897.51,5485225731.53,,1192447956.45,,,,,,631845346.7,116916278.68,514929068.02,174899687.12,,,,32783058.79,15579531.21,,,,,,862883479.78,,,,,,,,,,,,,,444915751.01,,3355354811.06,,437336394.93,,,,,,,77448517.77,,12687819.23,34950000.0,12322936.75,,574745668.68,3930100479.74,,1095386132.0,,,,1085690953.39,,,,40979672.75,,,-768195211.87,,,1453861546.27,101263705.52,1555125251.79,5485225731.53,定期报告,未审计,20191031,CNY,合并期末,2020-03-13T15:29:48
20190630,,474381938.9,,,,,,771637932.73,148389436.08,623248496.65,,139610815.86,,10801064.77,,,,,,,,665252862.36,676053927.13,319498544.16,,,,24447557.45,40791845.03,2446422561.26,,115751400.0,,,,,686457380.25,347264246.51,,127888125.18,,,,736703282.74,314687929.12,422015353.62,19642124.34,3674335.94,3674335.94,,402373229.28,,402373229.28,,,,,,579789616.84,40960695.13,308275243.12,30903333.11,,106244755.2,299853650.59,3049436011.15,5495858572.41,,1157048978.72,,,,,,581801143.84,150104712.11,431696431.73,128348177.35,,,,30145278.47,20706350.41,30946981.43,20738729.56,,,789371988.65,841057699.64,,,,,,,,,,,,,,396977967.89,,3156085596.32,,474003432.04,,,,,,79142204.39,79142204.39,,12687819.23,37750000.0,12898939.67,,616482395.33,3772567991.65,,1095386132.0,,,,1085608933.8,,443593641.34,,40979672.75,,,-1046766887.9,,,1618801491.99,104489088.77,1723290580.76,5495858572.41,定期报告,未审计,20190829,CNY,合并期末,2020-03-13T15:29:48
20190331,,585210542.53,,,,,,811668016.9,82221140.85,724881808.27,,135054792.23,0.0,6293245.35,,,,,,,,,104081060.92,344369508.55,,,,28511955.81,35908305.65,2044804182.59,,102900900.0,,,,,244918185.32,1451093049.58,,134480091.43,,,,,,,,3307964.29,,,,,415783128.73,,,,,,561661219.69,50493325.55,308275243.12,34544936.53,,110144935.63,285906130.75,3703509110.62,5748313293.21,,1750103053.38,,,,,,589124115.17,,,153454800.3,,,,26426516.64,20852277.85,66931782.3,20738729.56,,,,929648919.17,,,,,,,,,,,,,,341223916.6,,3810833599.11,,555528995.46,,,,,,,113835947.66,,12687819.23,34750000.0,13092707.77,,729895470.12,4540729069.23,,1095386132.0,,,,1085608933.8,,2050950.65,,40979672.75,,,-1118762870.25,,,1105262818.95,102321405.03,1207584223.98,5748313293.21,定期报告,未审计,20190430,CNY,合并期末,2020-03-13T15:29:48
20181231,,506777078.78,,,,,,859190816.76,142609780.1,716581036.66,,138529125.03,,8289877.42,,,,,,,,108289827.78,116579705.2,357011391.67,,,,33268994.65,35955544.84,2047312656.93,,128150900.0,,,,,244884561.62,1463028550.69,,137460006.09,,,,750310918.59,302976105.97,447334812.62,19643220.65,3007580.22,3007580.22,,427691591.97,,427691591.97,,,,,,574858810.17,46482201.2,308275243.12,36922150.58,,108658106.97,271270715.75,3750690418.38,5798003075.31,,1774569072.64,,,,,,651836679.0,174711930.74,477124748.26,102560587.02,,,,45877184.16,21144238.05,60664498.18,23498539.01,,,812426048.55,896589085.74,,,,,,,,,,,,,,367730470.56,,3860307317.17,,532863289.99,,,,,,95197044.88,95197044.88,,12687819.23,36050000.0,13293013.77,,690091167.87,4550398485.04,,1095386132.0,,,,1084950542.27,,1893767.66,,40979672.75,,,-1078567873.62,,,1144642241.06,102962349.21,1247604590.27,5798003075.31,定期报告,是,20200429,CNY,合并期末,2020-03-13T15:29:48
20180930,,340036571.11,,,,,,944011586.16,147874188.76,796137397.4,,130629650.13,,,,,,,,,,128466344.93,128466344.93,564820515.99,,,,37405314.1,50733817.15,2196103799.57,,270742450.0,,,,,348868131.77,1307623224.32,,257300372.23,,,,,,,,49955029.95,49955029.95,,419320294.17,,419320294.17,,,,,,674811494.5,49611180.27,907364723.59,35746989.01,,107282406.56,459346573.59,4887972869.96,7084076669.53,,1493218083.46,,,,,,699467683.49,,,437207226.82,,,,23771834.1,27342643.45,,,,,702480063.87,702480063.87,,,,,,,,,,,,,,261610588.15,,3645098123.34,,635241185.87,,,,,,100257390.37,100257390.37,,,36550000.0,13424555.59,,785473131.83,4430571255.17,,1095386132.0,,,,1084045343.75,,-4160363.87,,40979672.75,,,260794323.71,,,2477045108.34,176460306.02,2653505414.36,7084076669.53,定期报告,未审计,20181024,CNY,合并期末,2020-03-13T15:29:48
20180630,,429860656.91,,,,,,1090624108.5,89066618.24,1001557490.26,,111944625.78,,9193139.44,,,,,,,,120639841.05,129832980.49,508368261.62,,,,37300327.75,93980712.88,2401911673.93,,272239650.0,,,,,221227332.96,1412150693.24,,220363123.72,,,,727412330.97,297231451.72,430180879.25,1637007.06,47061548.04,47061548.04,,428543872.19,,428543872.19,,,,,,693417707.86,22860499.22,907364723.59,39490405.32,,106054617.25,392092723.33,4762866896.72,7164778570.65,,1677748381.14,,,,,,610912736.36,27912598.36,583000138.0,390766053.34,,,,20229871.78,17015687.5,18984422.25,49292370.85,,,492118628.73,560395421.83,,,,,,,,,,,,,,294060821.76,,3571128973.71,,600621510.08,,,,,,112409525.2,112409525.2,,,36850000.0,13614297.53,,763495332.81,4334624306.52,,1095386132.0,,,,1084045343.75,,-3883888.51,,40979672.75,,,438895215.15,,,2655422475.14,174731788.99,2830154264.13,7164778570.65,定期报告,未审计,20180830,CNY,合并期末,2020-03-13T15:29:48
20180331,,577836504.8,,,,,,1208578017.69,45859671.96,1162718345.73,,192082898.74,,5090619.44,,,,,,,,116948624.62,122039244.06,546608712.97,,,,50954898.16,110079365.98,2808179642.4,,270466650.0,,,,,279958435.1,1411732142.83,,214807323.33,,,,,,,,45567768.69,45567768.69,,436659344.8,,436659344.8,,,,,,854758768.56,19223594.84,907364723.59,36829934.91,,74815176.94,259947766.31,4812131629.9,7620311272.3,,1962146636.23,,,,,,749113330.23,97407711.93,651705618.3,99367797.0,,,,32600684.77,52689924.3,12689260.99,,,,548859595.32,561548856.31,,,,,,,,,,,,,,260247457.21,,3717714686.05,,663375733.13,,,,,,156172316.95,156172316.95,,,36650000.0,13734385.14,,869932435.22,4587647121.27,,1095386132.0,,,,1084045343.75,,-4112451.69,,40979672.75,,,634995000.66,,,2851293697.47,181370453.56,3032664151.03,7620311272.3,定期报告,未审计,20180428,CNY,合并期末,2020-03-13T15:29:48
20171231,,1035832200.65,,,0.0,,0.0,1165551839.59,170814638.13,994737201.46,,91240312.53,,4344020.75,,,,,,,,106916315.12,111260335.87,469992307.91,0.0,,,50440557.7,90425368.0,3014742922.25,,268363500.0,,,,,241091424.53,1419707442.64,,185757208.16,,,,780900124.66,303368436.69,477531687.97,5444169.84,42387996.18,42387996.18,,472087518.13,,472087518.13,,,,,,841265822.86,45713514.7,907364723.59,38917749.09,,74881114.24,346789831.19,4884327845.31,7899070767.56,,2353580259.44,,,,,,615811342.36,24782404.9,591028937.46,87294488.95,,,,48432823.47,46149573.91,14729592.57,,,,374197556.0,388927148.57,,,,,,,,,,,,,,263943488.8,,3804139125.5,,723506012.02,,,,,,178537506.76,178537506.76,,,36650000.0,16134674.35,,954828193.13,4758967318.63,,1095386132.0,,,,1078684388.54,,-4058864.83,,40979672.75,,,712694988.96,,,2923686317.42,216417131.51,3140103448.93,7899070767.56,定期报告,是,20190430,CNY,合并期末,2020-03-13T15:29:48
20170930,,785817956.29,,,,,,1262390369.82,132674439.97,1129715929.85,,490659300.05,,10526267.08,,,,,,,,192810705.14,203336972.22,534466052.51,,,,44661832.78,20759921.1,3342092404.77,,281014350.0,,,,,245580335.24,1370510424.54,,147981001.04,,,,,,,,4887967.56,4887967.56,,507565393.63,,507565393.63,,,,,,658611134.27,53708076.13,928739101.74,19270836.57,,32511450.59,174008158.99,4424388230.3,7766480635.07,,1602424765.1,,,,,,727782199.3,62631796.93,665150402.37,194540351.87,,,,20226093.63,31332345.52,5271164.47,,,,691634840.5,696906004.97,,,,,,,,,,,,,,542083525.65,,3815295286.04,,704536999.91,,,,,,155783765.25,155783765.25,,,36810000.0,16554034.67,,913684799.83,4728980085.87,,1095386132.0,,,,1080350554.28,,3217434.97,,32134141.99,,,624135812.96,,,2835224076.2,202276473.0,3037500549.2,7766480635.07,定期报告,未审计,20171026,CNY,合并期末,2020-03-13T15:29:48
20170630,,670482537.39,,,,,,1148155831.21,202127421.86,946028409.35,,454057491.13,,7113467.12,,,,,,,,54818575.51,61932042.63,433067496.29,,,,51881379.02,49917992.43,2869494770.1,,246388900.0,,,,,254226952.25,1285443425.93,,162984518.0,,,,809098254.53,286859720.95,522238533.58,5669448.18,4402985.43,4402985.43,,516569085.4,,516569085.4,,,,,,660323287.67,47279666.61,928739101.74,20822856.24,,27774666.51,133976158.97,4288931604.75,7158426374.85,,1572840813.22,,,,,,507519089.96,91421944.49,416097145.47,195039798.25,,,,19735918.55,24988838.11,6087052.04,,,,609025120.54,615112172.58,,,,,,,,,,,,,,51945309.83,316475103.67,3303657044.17,,744353021.42,,,,,,65009434.25,65009434.25,,,36810000.0,17112059.15,,863284514.82,4166941558.99,,1095386132.0,,,,1080350554.28,,5357278.06,,32134141.99,,,577861544.5,,,2791089650.83,200395165.03,2991484815.86,7158426374.85,定期报告,未审计,20170815,CNY,合并期末,2020-03-13T15:29:48
20170331,,820350707.9,,,,,,1016122191.15,101181071.81,914941119.34,,143476651.04,,1104851.12,,,,,,,,101894618.8,102999469.92,570616907.74,,,,25938959.31,54090869.54,2733595756.6,,243197050.0,,,,,234821713.32,1248720442.78,,115243837.9,,,,,,,,3821122.85,3821122.85,,518639699.59,,518639699.59,,,,,,155595415.87,52636537.56,928579003.29,24636658.45,,26016489.65,133976158.97,3685884130.23,6419479886.83,,1454026452.31,,,,,,568539430.44,106320757.7,462218672.74,78259014.06,,,,19794565.91,23786686.09,7519008.75,,,,79187802.48,86706811.23,,,,,,,,,,,,,,48055722.49,311582500.0,2590751182.53,,759162043.9,,,,,,79074703.86,79074703.86,,,36810000.0,17597658.11,,892644405.87,3483395588.4,,1095386132.0,,,,1080350554.28,,7334728.42,,32134141.99,,,528282329.54,,,2743487886.23,192596412.2,2936084298.43,6419479886.83,定期报告,未审计,20170428,CNY,合并期末,2020-03-13T15:29:48
20161231,,832380381.22,,,0.0,,0.0,1063511346.25,94334742.13,969176604.12,,129702988.24,,4915733.59,,,,,,,,138402220.33,143317953.92,498102473.98,0.0,,,12446157.8,37241787.16,2716703088.57,,265497550.0,,,,,237407434.37,1238624485.84,,93092711.12,,,,791442446.68,266727482.84,524714963.84,5675080.95,3392004.23,3392004.23,,519039882.89,,519039882.89,,,,,,143088740.74,44303874.35,911371338.34,29219918.98,,27738031.13,158526497.48,3671302469.47,6388005558.04,,1357531297.31,,,,,,624135945.8,43409147.65,580726798.15,86783747.64,,,,33183231.14,49501654.48,5197047.48,,,,576989198.27,582186245.75,,,,,,,,,,,,,,51827436.48,306248603.67,3091398162.27,,168964152.39,,,,,,76556563.52,76556563.52,,,37210000.0,18167385.33,,300898101.24,3392296263.51,,1095386132.0,,,,1105595495.78,,9564026.27,,32134141.99,,,550315257.65,,,2792995053.69,202714240.84,2995709294.53,6388005558.04,定期报告,是,20180421,CNY,合并期末,2020-03-13T15:29:48
20160930,,979324059.78,,,,,,747487686.2,41023357.27,706464328.93,,189851570.84,,16014725.44,,,,,,,,153076258.74,169090984.18,685692863.34,,,,,24185016.23,2795632180.57,,303781650.0,,,,,153288200.0,151663188.2,,71179017.55,,,,,,,,5831316.54,5831316.54,,501460735.66,,501460735.66,,,,,,137240348.63,24362883.08,916667345.94,30378975.17,,17740441.2,421236778.0,2734830879.97,5530463060.54,,1465221461.89,,,,,,623067946.04,25650356.68,597417589.36,114821878.72,,,,25136909.76,23627753.56,5189904.57,,,,83311143.26,88501047.83,,,,,,,,,,,,,,45290000.0,,2385666997.8,,179100000.0,,,,,,5458466.1,5458466.1,,,36410000.0,25123583.06,,246092049.16,2631759046.96,,1095386132.0,,,,1103915750.76,,8679180.0,,28580591.59,,,457283307.06,,,2693844961.41,204859052.17,2898704013.58,5530463060.54,定期报告,未审计,20161028,CNY,合并期末,2020-03-13T15:29:48
20160630,,958909078.14,,,,,,751242915.99,61228374.32,690014541.67,,123521394.58,,9861516.44,,,,,,,,132793006.45,142654522.89,611018455.7,,,,,29456599.94,2616802967.24,,358420050.0,,,,,150044200.0,151981332.78,,53906438.73,,,,750623241.62,248070958.92,502552282.7,1773728.58,6432903.98,6432903.98,,500778554.12,,500778554.12,,,,,,116780449.76,22782797.79,916667345.94,37457625.41,,23284707.62,220497038.31,2559033444.44,5175836411.68,,1250448879.19,,,,,,565368535.45,53556463.3,511812072.15,55613852.9,,,,24406325.19,28277121.25,6385152.14,,,,82342520.44,88727672.58,,,,,,,,,,,,,,46290000.0,,2059132386.56,,192090000.0,,,,,,260000.0,260000.0,,,35160000.0,25315485.76,,252825485.76,2311957872.32,,1095386132.0,,,,1103915750.76,,8463280.0,,28580591.59,,,424687076.29,,,2661032830.64,202845708.72,2863878539.36,5175836411.68,定期报告,未审计,20160826,CNY,合并期末,2020-03-13T15:29:48
20160331,,1174531219.95,,,,,,778324746.31,47763400.92,730561345.39,,119512324.21,,12538503.54,,,,,,,,67197012.66,79735516.2,523571595.61,,,,,5900213.64,2681575615.92,,374053700.0,,,,,153143000.0,154342889.77,,57105528.16,,,,,,,,4274356.98,4274356.98,,507877124.71,,507877124.71,,,,,,120452160.64,19396383.14,916643269.97,43935369.92,,23110386.44,175241262.16,2549575431.89,5231151047.81,,1391979580.42,,,,,,546988881.41,51223093.09,495765788.32,50989581.67,,,,17608470.61,24035631.76,4942991.11,,,,40047287.65,44990278.76,,,,,,,,,,,,,,47290000.0,,2123882424.63,,205080000.0,,,,,,,,,,31360000.0,26002649.58,,262442649.58,2386325074.21,,1095386132.0,,,,1103915750.76,,11097260.0,,28580591.59,,,400646451.6,,,2639626185.95,205199787.65,2844825973.6,5231151047.81,定期报告,未审计,20160427,CNY,合并期末,2020-03-13T15:29:48
20151231,,1161200335.87,,,0.0,,0.0,802631022.6,116130242.73,686500779.87,,40019515.46,720000.0,5478467.83,,,,,,,,55869503.57,62067971.4,431201557.33,0.0,,,0.0,7439441.24,2504559843.9,,384128720.0,,,,,159428000.0,156554780.02,,44605528.16,,,,748529116.98,229200257.84,519328859.14,1773728.58,2690944.24,2690944.24,,517555130.56,,517555130.56,,,,,,124303090.78,15920410.29,916643269.97,48269820.6,,22125546.51,133653506.63,2525878747.76,5030438591.66,,1166069050.26,,,,,,537670091.9,38871154.78,498798937.12,33892571.83,,,,29732909.1,49755818.11,2875719.84,,,,160179343.22,163055063.06,,,,,,,,,,,,,,48290000.0,,2028465504.26,,92070000.0,,,,,,,,,,32160000.0,28550213.09,,152780213.09,2181245717.35,,1095386132.0,,,,1103915750.76,,24250500.0,,28580591.59,,,394757456.68,,,2646890431.03,202302443.28,2849192874.31,5030438591.66,定期报告,是,20170425,CNY,合并期末,2020-03-13T15:29:48
20150930,,361022318.15,,,,,,469999348.75,4851981.99,465147366.76,,75046693.0,2520000.0,8325230.7,,,,,,,,36401892.94,47247123.64,197263459.7,,,,,4980157.0,1155559100.24,,335234900.0,,,,,130468000.0,57549248.3,,73805528.16,,,,,,,,57191573.35,57191573.35,,428191743.01,,428191743.01,,,,,,96800317.38,14348068.31,374880823.54,44237990.31,,15363907.92,126127901.41,1754200001.69,2909759101.93,,836306006.54,,,,,,80837985.5,318976.5,80519009.0,16953754.71,,,,10464046.47,15064275.51,4315593.45,22162567.2,,,14833534.83,41311695.48,,,,,,,,,,,,,,,,1000937764.21,,148350000.0,,,,,,,,,,31660000.0,28945250.15,,208955250.15,1209893014.36,,885705362.0,,,,171563078.91,,42245000.0,,25374262.04,,,313539388.23,,,1438427091.18,261438996.39,1699866087.57,2909759101.93,定期报告,未审计,20151030,CNY,合并期末,2020-03-13T15:29:48
20150630,,187888362.18,,,,,,489291403.88,5348138.3,483943265.58,,50491632.99,2520000.0,4932093.74,,,,,,,,29718911.72,37171005.46,172544919.99,,,,,6345257.66,943732582.16,,343893050.0,,,,,155068000.0,51087802.61,,58805528.16,,,,630392473.72,194483440.74,435909032.98,1773728.58,55777276.78,55777276.78,,434135304.4,,434135304.4,,,,,,101072636.19,10114653.76,374880823.54,34959011.89,,15793021.37,114060401.41,1749647510.11,2693380092.27,,603338046.34,,,,,,101301499.38,378011.1,100923488.28,14021535.42,,,,11010744.27,17041070.42,6056269.67,22162567.2,,,13697348.44,41916185.31,,,,,,,,,,,,,,,,788629081.14,,155340000.0,,,,,,,,,,31190000.0,32868400.38,,219398400.38,1008027481.52,,354282145.0,,,,702986295.91,,63155000.0,,25374262.04,,,282933786.99,,,1428731489.94,256621120.81,1685352610.75,2693380092.27,定期报告,是,20150826,CNY,合并期末,2020-03-13T15:29:48
20150331,,152514164.31,,,,,,418904892.87,4404548.9,414500343.97,,116651378.64,720000.0,4620728.11,,,,,,,,24306327.68,29647055.79,187473195.23,,,,,2986184.58,908176871.42,,308127700.0,,,,,143368000.0,153484833.82,,,,,,,,,,55751840.88,55751840.88,,432934697.47,,432934697.47,,,,,,101674871.8,3866784.38,374668166.12,23740622.87,,10063600.25,5452901.41,1613134019.0,2521310890.42,,623524815.3,,,,,,85809837.18,1050287.0,84759550.18,20329151.45,,,,9641822.83,12995650.18,4181139.19,,,,12922750.07,17103889.26,,,,,,,,,,,,,,,,769405166.2,,,,,,,,,,,,30060000.0,31345261.76,,61405261.76,830810427.96,,354282145.0,,,,703961916.39,,53210000.0,,25374262.04,,,308766287.51,,,1445594610.94,244905851.52,1690500462.46,2521310890.42,定期报告,未审计,20150424,CNY,合并期末,2020-03-13T15:29:48
20141231,,282543660.57,,,,,,337844921.87,3336343.17,334508578.7,,44955490.09,900000.0,1115630.33,,,,,,,,18767904.14,20783534.47,151140017.84,,,,,4997056.14,842264680.98,,283443600.0,,,,,106968000.0,42142550.05,,,,,,603072103.24,174454810.08,428617293.16,618694.34,58474526.47,58474526.47,,427998598.82,,427998598.82,,,,,,91204831.26,14762723.77,374668166.12,12319708.18,,8735737.93,5452901.41,1426171344.01,2268436024.99,,388933034.04,,,,,,76252900.44,860948.4,75391952.04,18464860.06,,,,17532597.88,33889082.75,2860780.64,,,,27736880.64,30597661.28,,,,,,,,,,,,,,,,565670136.45,,,,,,,,,,,,30390000.0,26118761.48,,56508761.48,622178897.93,,354282145.0,,,,702986295.91,,22270000.0,,25374262.04,,,304610926.91,,,1409523629.86,236733497.2,1646257127.06,2268436024.99,定期报告,是,20160420,CNY,合并期末,2020-03-13T15:29:48
20140930,,251790639.69,,,,,,300880290.85,1267644.0,299612646.85,,122809331.3,,1846896.28,,,,,,,,13848543.51,15695439.79,168768149.53,,,,,2802943.91,862746795.07,,226057500.0,,,,,113868000.0,40440000.0,,,,,,,,,,59573604.49,59573604.49,,279414741.67,,279414741.67,,,,,,66612132.9,10947116.12,373380460.73,5388932.59,,6714147.8,128700000.0,1311096636.3,2173843431.37,,268239296.4,,,,,,66022457.86,,66022457.86,9684986.18,,,,9661049.1,20524290.93,860087.64,,,,10891281.63,11751369.27,,,,,,,,,,,,,,,27800000.0,413683449.74,,,,,,,,,,,,,27407632.2,,27407632.2,441091081.94,,354282145.0,,,,771125018.12,,28220000.0,,22662585.98,,,247040153.37,,,1423329902.47,309422446.96,1732752349.43,2173843431.37,定期报告,未审计,20141030,CNY,合并期末,2020-03-13T15:29:48
20140630,,240888741.27,,,,,,249817692.67,1476730.58,248340962.09,,66267213.22,,1065026.39,,,,,,,,14650830.77,15715857.16,158370189.88,,,,,1472431.82,732532126.02,,196812850.0,,,,,92000000.0,60008000.0,,,,,,443330096.96,158276638.28,285053458.68,633558.04,58464308.48,58464308.48,,284419900.64,,284419900.64,,,,,,69013279.82,7261107.95,373380460.73,5483247.56,,5656057.18,128700000.0,1281199212.36,2013731338.38,,86972888.0,,,,,,67120055.66,200000.0,66920055.66,7728629.8,,,,8922718.56,7712452.56,725940.67,,,,7734088.0,8460028.67,,,,,,,,,,,,,,308250.0,27800000.0,215025023.25,,,,,,,,,,,,,27328525.65,,27328525.65,242353548.9,,354282145.0,,,,851537068.11,,,,22662585.98,,,224694656.89,,,1453176455.98,318201333.5,1771377789.48,2013731338.38,定期报告,未审计,20140827,CNY,合并期末,2020-03-13T15:29:48
20140331,,344565705.64,,,,,,252806636.46,9212750.0,243593886.46,,46786267.59,,2524088.03,,,,,,,,16764440.75,19288528.78,132258175.23,,,,,1973450.32,797678764.02,,192723300.0,,,,,73900000.0,59668000.0,,,,,,,,,,57235248.66,57235248.66,,289924264.59,,289924264.59,,,,,,69602917.53,3861941.41,373380460.73,5526532.02,,4726354.25,128700000.0,1259249019.19,2056927783.21,,166651761.0,,,,,,53935610.93,1074200.0,52861410.93,8107654.82,,,,7714104.1,18341863.73,341448.13,,,,11074735.2,11416183.33,,,,,,,,,,,,,,411000.0,27800000.0,294378177.91,,,,,,,,,,,,,24907665.72,,24907665.72,319285843.63,,354282145.0,,,,836152068.11,,,,22662585.98,,,212382728.28,,,1425479527.37,312162412.21,1737641939.58,2056927783.21,定期报告,未审计,20140426,CNY,合并期末,2020-03-13T15:29:48
20131231,,433041855.89,,,,,,233575791.02,10353000.0,223222791.02,,35729439.91,,562862.37,,,,,,,,23331871.12,23894733.49,127056692.47,,,,,33955356.71,887253869.49,,173428200.0,,,,,82068000.0,19668000.0,,,,,,437971029.8,140356732.6,297614297.2,633558.04,57158248.66,57158248.66,,296980739.16,,296980739.16,,,,,,67894459.51,3545116.55,373380460.73,5443059.13,,4223595.07,168700000.0,1232821878.81,2120075748.3,,218193800.0,,,,,,62087752.24,113184.0,61974568.24,10195843.11,,,,14933761.76,31116334.34,237891.04,,,,10839249.56,11077140.6,,,,,,,,,,,,,,426000.0,26300000.0,348030632.05,,,,,,,,102750.0,102750.0,,,27800000.0,23483430.3,1500000.0,51386180.3,399416812.35,,354282145.0,,,,825272068.11,,1105000.0,,22662585.98,,,205528622.46,,,1408850421.55,311808514.4,1720658935.95,2120075748.3,定期报告,是,20150307,CNY,合并期末,2020-03-13T15:29:48
20130930,,560660825.28,,,,,,176298868.22,1675000.0,174623868.22,,72519742.15,,10175312.04,,,,,,,,6949537.58,17124849.62,125445566.66,,,,,247833.09,952297685.02,,,,,,,66100000.0,79568000.0,,,,,,,,,,51186357.89,51186357.89,,281410843.61,,281410843.61,,,,,,64128937.59,6545426.88,37144609.68,2808196.22,,5224723.74,,594117095.61,1546414780.63,,236714251.92,,,,,,69417932.11,4276718.01,65141214.1,7135737.69,,,,5143336.47,9254712.08,1338805.57,80000.64,,,6568620.0,7987426.21,,,,,,,,,,,,,,510510.0,12135755.9,348299662.38,,,,,,,,205500.0,205500.0,,,,22990741.79,14000000.0,37196241.79,385495904.17,,318583800.0,,,,505386513.88,,,,18130143.51,,,159388054.71,,,1001488512.1,159430364.36,1160918876.46,1546414780.63,定期报告,未审计,20131025,CNY,合并期末,2020-03-13T15:29:48
20130630,,524142903.44,,,,,,164581925.67,566000.0,164015925.67,,70642917.96,,6822212.26,,,,,,,,6225554.33,13047766.59,120793030.68,,,,,55994.48,893264538.82,,,,,,,61400000.0,79568000.0,,,,,,404550673.83,118293266.81,286257407.02,633558.04,48108746.17,48108746.17,,285623848.98,,285623848.98,,,,,,62153457.01,6557039.9,37144609.68,1770553.43,,4797507.54,,587123762.71,1480388301.53,,186533921.92,,,,,,70572143.26,2470080.01,68102063.25,7625655.84,,,,5326623.19,8816213.4,763486.23,80000.64,,,9614825.96,10458312.83,,,,,,,,,,,,,,546780.0,12550000.0,302429650.44,,,,,,,,308250.0,308250.0,,,,22617910.52,14000000.0,36926160.52,339355810.96,,318583800.0,,,,501391513.88,,,,18130143.51,,,145921450.61,,,984026908.0,157005582.57,1141032490.57,1480388301.53,定期报告,未审计,20130808,CNY,合并期末,2020-03-13T15:29:48
20130331,,539666239.21,,,,,,113245159.41,835000.0,112410159.41,,66911244.07,,4222698.02,,,,,,,,8693219.89,12915917.91,121252252.24,,,,,30548.73,854021361.57,,,,,,,54900000.0,19568000.0,,,,,,,,,,48476599.63,48476599.63,,291749113.64,,291749113.64,,,,,,60839269.51,4603017.15,37144609.68,2215144.76,,5751066.28,,525246820.65,1379268182.22,,124073349.26,,,,,,55808361.1,14495464.41,41312896.69,11054018.3,,,,3408387.17,4004407.68,403832.02,,,,6943798.46,7347630.48,,,,,,,,,,,,,,566150.0,14550000.0,220812303.99,,,,,,,,528750.0,528750.0,,,,23077148.53,14000000.0,37605898.53,258418202.52,,318583800.0,,,,495866513.88,,,,18130143.51,,,132087621.12,,,964668078.51,156181901.19,1120849979.7,1379268182.22,定期报告,未审计,20130426,CNY,合并期末,2020-03-13T15:29:48
20121231,,594524151.6,,,,,,93385242.25,3537050.0,89848192.25,,60368374.3,,2369954.96,,,,,,,,3135845.44,5505800.4,110055652.27,,,,,1359687.79,865198908.61,,,,,,,53400000.0,19568000.0,,,,,,398413063.55,101538634.95,296874428.6,633558.04,45795338.73,45795338.73,,296240870.56,,296240870.56,,,,,,61662792.43,1937926.71,37144609.68,1914183.08,,5420997.73,,523084718.92,1388283627.53,,126600527.51,,,,,,61633734.51,11322773.75,50310960.76,13188688.66,,,,7671755.46,9555629.67,928334.55,,,,7234366.87,8162701.42,,,,,,,,,,,,,,992000.0,14550000.0,242355037.23,,,,,,,,528750.0,528750.0,,,,23269711.84,14000000.0,37798461.84,280153499.07,,318583800.0,,,,494591513.88,,,,18130143.51,,,122348970.36,,,953654427.75,154475700.71,1108130128.46,1388283627.53,定期报告,是,20140410,CNY,合并期末,2020-03-13T15:29:48
20120930,,575860717.67,,,,,,77534998.03,1015250.1,76519747.93,,108107092.02,,10096595.92,,,,,,,,4848430.38,14945026.3,103995571.94,,,,,1103074.49,881546480.45,,,,,,,,19568000.0,,,,,,,,,,37331808.42,37331808.42,,234886999.89,,234886999.89,,,,,,49575180.96,5254971.71,27760753.85,1905944.17,,3519276.56,,379802935.56,1261349416.01,,76967354.54,,,,,,39987543.81,6594890.94,33392652.87,6736097.77,,,,3035740.25,3128602.07,78593.25,,,,15934177.85,16012771.1,,,,,,,,,,,,,,,,145868109.54,,,,,,,,,,,,,20828592.49,13990000.0,34818592.49,180686702.03,,318583800.0,,,,501136513.88,,,,13261781.39,,,110181958.28,,,943164053.55,137498660.43,1080662713.98,1261349416.01,定期报告,未审计,20121026,CNY,合并期末,2020-03-13T15:29:48
20120630,,645611238.35,,,,,,73095122.81,500000.0,72595122.81,,33505040.42,,7032604.29,,,,,,,,4140178.64,11172782.93,96583232.53,,,,,471829.0,860439246.04,,,,,,,,19568000.0,,,,,,312774648.04,78671796.99,234102851.05,633558.04,28585822.18,28585822.18,,233469293.01,,233469293.01,,,,,,50237822.44,4149844.03,27760753.85,1596519.16,,3269809.87,,368637864.54,1229077110.58,,62594118.54,,,,,,37408491.86,3341924.04,34066567.82,6985182.27,,,,3235435.96,3966678.72,94663.45,,,,12687986.21,12782649.66,,,,,,,,,,,,,,207226.19,,127179783.2,,,,,,,,,,,,,21198347.39,12990000.0,34188347.39,161368130.59,,318583800.0,,,,501136513.88,,,,13261781.39,,,98529263.67,,,931511358.94,136197621.05,1067708979.99,1229077110.58,定期报告,未审计,20120823,CNY,合并期末,2020-03-13T15:29:48
20120331,,677240978.77,,,,,,58145749.46,,58145749.46,,52906671.05,,4545866.94,,,,,,,,7803387.18,12349254.12,98250453.48,,,,,43731.99,898936838.87,,,,,,,,19568000.0,,,,,,,,,,27433709.8,27433709.8,,231384602.05,12530.5,231397132.55,,,,,,49735232.57,1314185.54,27760753.85,1290317.96,,3720988.2,,362220320.47,1261157159.34,,96553160.0,,,,,,30891932.52,4391128.64,26500803.88,8149730.09,,,,2831379.18,5571350.85,93579.28,,,,11869444.38,11963023.66,,,,,,,,,,,,,,485531.69,3107426.6,159553534.59,,,,,,,,,,,,,21568711.86,10490000.0,32058711.86,191612246.45,,212389200.0,,,,607331113.88,,,,13261781.39,,,104235020.2,,,937217115.47,132327797.42,1069544912.89,1261157159.34,定期报告,未审计,20120420,CNY,合并期末,2020-03-13T15:29:48
20111231,,739845289.53,,,,,,47770782.7,830000.0,46940782.7,,23521787.78,,1350159.04,,,,,,,,3936910.74,5287069.78,100514364.29,,,,,428848.34,917368142.42,,,,,,,,19568000.0,,,,,,293608267.21,66974162.05,226634105.16,633558.04,23144305.85,23144305.85,,226000547.12,,226000547.12,,,,,,46148915.38,885892.03,27760753.85,827072.92,,3640392.61,,347975879.76,1265344022.18,,91938637.17,,,,,,46438019.04,5452054.8,40985964.24,6623191.92,,,,6427158.76,6721693.54,93579.28,3913806.0,,,12089109.04,16096494.32,,,,,,,,,,,,,,759143.44,5600000.0,180604338.19,,,,,,,,,,,,,21937857.18,10490000.0,32427857.18,213032195.37,,212389200.0,,,,607331113.88,,,,13261781.39,,,90839343.09,,,923821438.36,128490388.45,1052311826.81,1265344022.18,定期报告,是,20130330,CNY,合并期末,2020-03-13T15:29:48
20110930,,697387488.9,,,,,,44022079.88,,44022079.88,,4577175.93,,10940464.72,,,,,,,,1918530.82,12858995.54,73784055.88,,,,,,832629796.13,,,,,,,,30568000.0,,,,,,,,,,166425.0,166425.0,,130655669.27,,130655669.27,,,,,,11198857.79,1168908.13,7812425.73,152915.91,,2428893.34,,184152095.17,1016781891.3,,21000000.0,,,,,,40579711.39,5508194.93,35071516.46,6963240.74,,,,5082043.93,3062419.93,,,,,296029.63,296029.63,,,,,,,,,,,,,,,,76983445.62,,,,,,,,,,,,,,3090000.0,3090000.0,80073445.62,,212389200.0,,,,607331113.88,,,,7799984.8,,,81518286.86,,,909038585.54,27669860.14,936708445.68,1016781891.3,定期报告,未审计,20111019,CNY,合并期末,2020-03-13T15:29:48
20110630,,705844138.87,,,1042680.61,,,33012692.9,100000.0,32912692.9,,8878001.55,,7570613.89,,,,,,,,2977482.01,10548095.9,63173852.06,,,,,,822499461.89,,,,,,,,44568000.0,,,,,,124433130.68,25091814.51,99341316.17,633558.04,,,,98707758.13,,98707758.13,,,,,,8056748.82,969652.1,1776882.48,77599.61,,2127729.54,,156284370.68,978783832.57,,21000000.0,,,,,,34339016.95,1435623.19,32903393.76,7451091.65,,,,4039458.39,3753497.5,,,,,3970414.95,3970414.95,,,,,,,,,,,,,,,,74553479.44,,,,,,,,,,,,,,2440000.0,2440000.0,76993479.44,,212389200.0,,,,607331113.88,,,,7799984.8,,,65142766.01,,,892663064.69,9127288.44,901790353.13,978783832.57,定期报告,未审计,20110819,CNY,合并期末,2020-03-13T15:29:48
20110331,,751373451.47,,,,,,25374576.29,320000.0,25054576.29,,4274052.6,,5201388.89,,,,,,,,2157241.2,7358630.09,59692864.0,,,,,,848073574.45,,,,,,,,,,,,,,,,,,51967.6,51967.6,,95431409.13,,95431409.13,,,,,,7977495.52,,,,,1677705.52,,105138577.77,953212152.22,,,,,,,,20826255.94,3420314.79,17405941.15,6938417.16,,,,3852489.22,4377421.29,,,,,3354533.75,3354533.75,,,,,,,,,,,,,,,2500000.0,41849117.36,,,,,,,,,,,,,,2300000.0,2300000.0,44149117.36,,117994000.0,,,,701726313.88,,,,7799984.8,,,81542736.18,,,909063034.86,,909063034.86,953212152.22,定期报告,未审计,20110429,CNY,合并期末,2020-03-13T15:29:48
20101231,,789949031.47,,,,,,18437236.16,1420000.0,17017236.16,,3123827.04,,1421708.34,,,,,,,,1599380.94,3021089.28,59164101.01,,,,,,873695284.96,,,,,,,,,,,,,,99247022.49,21136228.64,78110793.85,633558.04,,,,77477235.81,,77477235.81,,,,,,8030435.11,,,,,1704937.61,,87212608.53,960907893.49,,,,,,,,35935740.48,3413558.25,32522182.23,7881911.31,,,,4268954.82,2828450.9,,,,,7472674.06,7472674.06,,,,,,,,,,,,,,,2500000.0,60887731.57,,,,,,,,,,,,,,2300000.0,2300000.0,63187731.57,,117994000.0,,,,701726313.88,,,,7799984.8,,,70199863.24,,,897720161.92,,897720161.92,960907893.49,定期报告,是,20120330,CNY,合并期末,2020-03-13T15:29:48
20100930,,36009161.99,,,,,,22631440.83,,22631440.83,,6928016.35,,,,,,,,,,2473734.09,2473734.09,46320297.09,,,,,,114362650.35,,,,,,,,,,,,,,,,,,26000.0,26000.0,,75212622.39,,75212622.39,,,,,,7967516.79,,,26250.0,,1422355.23,,84654744.41,199017394.76,,,,,,,,15134626.7,4518394.0,10616232.7,5094773.32,,,,2148204.25,2721366.43,,,,,1300.0,1300.0,,,,,,,,,,,,,,,,25100270.7,,,,,,,,,,,,,,4800000.0,4800000.0,29900270.7,,87994000.0,,,,16564777.88,,,,3144993.34,,,61413352.84,,,169117124.06,,169117124.06,199017394.76,招股说明书/意向书,未审计,20101202,CNY,合并期末,2020-03-13T15:29:48
20100630,,82985172.05,,,,,,31797535.93,286801.0,31510734.93,,10497404.64,,,,,,,,,,2279539.38,2279539.38,45201369.43,,,,,,172761021.43,,,,,,,,,,,,,,94700449.23,17553805.48,77146643.75,633558.04,,,,76513085.71,,76513085.71,,,,,,8014019.82,,,,,1422355.23,,85949460.76,258710482.19,,,,,,,,53884742.32,16185712.0,37699030.32,7065616.6,,,,2519674.68,3629881.15,,30000000.0,,,1000.0,30001000.0,,,,,,,,,,,,,,,,97100914.75,,,,,,,,,,,,,,4800000.0,4800000.0,101900914.75,,87994000.0,,,,16564777.88,,,,3144993.34,,,49105796.22,,,156809567.44,,156809567.44,258710482.19,招股说明书/意向书,是,20101112,CNY,合并期末,2020-03-13T15:29:48
20091231,,82783634.9,,,,,,22239270.03,400000.0,21839270.03,,2507618.22,,,,,,,,,,2414077.43,2414077.43,52072125.98,,,,,,162016726.56,,,,,,,,,,,,,,92752757.27,14139474.45,78613282.82,633558.04,,,,77979724.78,,77979724.78,,,,,,8107025.88,,,,,1335201.97,,87421952.63,249438679.19,,22000000.0,,,,,,46912984.39,22163690.54,24749293.85,6151390.87,,,,2472126.1,1389736.51,,30000000.0,,,3730.01,30003730.01,,,,,,,,,,,,,,,,108929967.88,,,,,,,,,,,,,,4500000.0,4500000.0,113429967.88,,87994000.0,,,,16564777.88,,,,3144993.34,,,28304940.09,,,136008711.31,,136008711.31,249438679.19,定期报告,是,20110421,CNY,合并期末,2020-03-13T15:29:48
20081231,,58283332.34,,,,,,17782391.28,950000.0,16832391.28,,7826406.75,,,,,,,,,,3432515.81,3432515.81,60910361.84,,,,,,148235008.02,,,,,,,,,,,,,,,,,,,,,71639480.21,,71639480.21,,,,,,8293037.99,,,,,552138.22,,80484656.42,228719664.44,,15000000.0,,,,,,44916524.13,19785908.5,25130615.63,48906071.71,,,,3029112.18,-4651684.92,,,,,9624110.0,9624110.0,,,,,,,,,,,,,,,,116824133.1,,,,,,,,,,,,,,2500000.0,2500000.0,119324133.1,,38324040.0,,,,,,,,7287190.68,,,63784300.66,,,109395531.34,,109395531.34,228719664.44,招股说明书/意向书,是,20101112,CNY,合并期末,2020-03-13T15:29:48
20071231,,33774672.63,,,,,,12591502.71,450000.0,12141502.71,,3523811.71,,,,,,,,,,5087631.34,5087631.34,45947793.97,,,,,,100925412.36,,,,,,,,510000.0,,,,,,,,,,23009544.25,23009544.25,,19196391.5,,19196391.5,,,,,,,,,91250.0,,314955.74,,43122141.49,144047553.85,,40200000.0,,,,,,28408938.11,3143961.0,25264977.11,5309384.59,,,,2308758.39,-3016336.58,,,,,8006712.0,8006712.0,,,,,,,,,,,,,,,,81237456.51,,,,,,,,,,,,,,,,81237456.51,,30000000.0,,,,,,,,3461051.28,,,29349046.06,,,62810097.34,,62810097.34,144047553.85,招股说明书/意向书,是,20101112,CNY,合并期末,2020-03-13T15:29:48
